-1149248420
1551997990
-857018397
-857018397
-857018397
-857018397
-857018397
-857018397
846480384
1124501368
-1567016238
318934671
318934671
318934671
318934671
2070040199
2070040199
2070040199
2070040199
2070040199
2070040199
2070040199
1856578752
-589216504
-1394783201
-1381987029
807019425
807019425
807019425
807019425
807019425
807019425
807019425
-1236086003
-1236086003
-1236086003
-1236086003
-1236086003
-1236086003
-1236086003
-1219667011
666283898
666283898
666283898
666283898
666283898
